
[+] Los hilos a crear son: 21 y el tama?o del arreglo elegido es de: 3500


-------------------RANGOS---------------

(0 - 47),(48 - 95),(96 - 143),(144 - 191),(192 - 239),(240 - 287),(288 - 335),(336 - 383),(384 - 431),(432 - 479),(480 - 527),(528 - 575),(576 - 623),(624 - 671),(672 - 719),(720 - 767),(768 - 815),(816 - 863),(864 - 911),(912 - 959),(960 - 999),
----------------------------------------


[+]Num hilos: 21 y tama?o del arreglo  = 3500

36 14 39 10 39 2 18 19 33 31 22 24 29 23 22 7 18 22 11 10 4 0 31 33 41 18 39 44 24 11 21 23 17 2 28 9 30 34 12 6 27 41 11 1 47 26 14 31 13 6 44 34 40 4 9 13 28 35 18 40 19 47 30 30 9 34 41 14 16 7 20 32 44 16 32 28 33 11 14 40 5 19 11 40 44 35 38 36 40 37 26 44 8 32 28 8 31 5 25 12 3 17 33 23 42 29 47 35 22 19 7 26 9 23 7 6 4 34 41 0 39 16 40 24 16 8 31 24 19 36 9 41 14 40 26 5 25 36 41 36 10 35 35 34 23 39 36 44 12 3 0 0 1 2 2 3 3 4 4 4 5 5 5 6 6 6 7 7 7 7 8 8 8 9 9 9 9 9 10 10 10 11 11 11 11 11 12 12 12 13 13 14 14 14 14 14 16 16 16 16 17 17 18 18 18 18 19 19 19 19 19 20 21 22 22 22 22 23 23 23 23 23 24 24 24 24 25 25 26 26 26 26 27 28 28 28 28 29 29 30 30 30 31 31 31 31 31 32 32 32 33 33 33 33 34 34 34 34 34 35 35 35 35 35 36 36 36 36 36 36 37 38 39 39 39 39 39 40 40 40 40 40 40 40 41 41 41 41 41 41 42 44 44 44 44 44 44 47 47 47 57 74 79 94 82 85 48 83 50 88 50 78 57 81 74 67 62 59 57 85 69 61 78 94 52 92 68 77 48 73 58 65 91 74 68 77 57 70 59 75 76 62 60 76 55 56 90 58 87 52 83 50 63 60 82 72 68 81 92 54 83 88 49 51 60 67 81 52 93 57 92 62 64 79 90 55 88 50 88 91 53 62 81 79 92 57 71 69 94 88 65 73 53 67 68 63 93 63 51 84 83 74 88 78 70 57 67 73 89 49 50 79 58 85 86 81 82 82 73 57 95 65 80 54 87 61 59 89 54 74 62 79 54 76 51 70 71 48 74 68 57 95 64 64 85 84 79 88 52 80 63 87 78 76 68 57 66 57 92 92 53 88 54 91 68 57 59 48 48 48 49 49 50 50 50 50 50 51 51 51 52 52 52 52 53 53 53 54 54 54 54 54 55 55 56 57 57 57 57 57 57 57 57 57 57 57 57 58 58 58 59 59 59 59 60 60 60 61 61 62 62 62 62 62 63 63 63 63 64 64 64 65 65 65 66 67 67 67 67 68 68 68 68 68 68 68 69 69 70 70 70 71 71 72 73 73 73 73 74 74 74 74 74 74 75 76 76 76 76 77 77 78 78 78 78 79 79 79 79 79 79 80 80 81 81 81 81 81 82 82 82 82 83 83 83 83 84 84 85 85 85 85 86 87 87 87 88 88 88 88 88 88 88 88 89 89 90 90 91 91 91 92 92 92 92 92 92 93 93 94 94 94 95 95 115 131 112 129 96 110 104 128 103 138 111 123 121 105 124 127 126 128 127 103 116 124 108 132 102 103 96 139 98 143 103 106 143 110 122 105 138 130 137 101 101 107 97 119 99 110 96 106 141 139 128 123 136 142 111 99 112 131 113 118 133 117 121 141 117 97 106 104 142 141 131 138 128 138 112 140 106 110 114 110 134 101 133 100 125 114 142 134 143 101 116 118 124 128 126 139 131 110 133 104 134 141 120 117 106 137 105 119 130 101 96 116 102 113 111 138 134 109 139 126 103 143 135 121 112 105 135 103 113 140 117 135 109 110 121 117 113 141 113 139 125 118 117 111 129 97 115 114 126 100 128 118 117 139 134 111 99 136 113 105 137 113 127 139 128 115 142 109 114 141 97 105 109 130 103 99 101 96 96 96 96 97 97 97 97 98 99 99 99 99 100 100 101 101 101 101 101 101 102 102 103 103 103 103 103 103 103 104 104 104 105 105 105 105 105 105 106 106 106 106 106 107 108 109 109 109 109 110 110 110 110 110 110 110 111 111 111 111 111 112 112 112 112 113 113 113 113 113 113 113 114 114 114 114 115 115 115 116 116 116 117 117 117 117 117 117 117 118 118 118 118 119 119 120 121 121 121 121 122 123 123 124 124 124 125 125 126 126 126 126 127 127 127 128 128 128 128 128 128 128 129 129 130 130 130 131 131 131 131 132 133 133 133 134 134 134 134 134 135 135 135 136 136 137 137 137 138 138 138 138 138 139 139 139 139 139 139 139 140 140 141 141 141 141 141 141 142 142 142 142 143 143 143 143 161 185 157 185 145 177 154 167 150 156 175 151 175 188 174 145 165 157 180 161 162 182 157 183 171 187 171 177 147 177 158 145 163 190 162 175 179 146 185 185 189 187 146 178 174 170 187 183 190 170 165 154 163 160 152 174 165 157 152 174 183 152 173 167 144 160 170 186 145 155 188 174 191 157 186 154 168 150 166 180 174 162 150 149 187 147 188 179 172 185 176 186 179 160 172 188 159 148 161 163 184 183 158 147 182 156 145 145 167 175 174 168 155 159 180 178 147 158 183 176 159 189 155 174 185 169 169 148 159 190 181 146 172 188 162 152 175 176 167 154 150 162 172 179 148 169 169 187 183 156 173 158 153 155 171 152 157 156 158 149 188 171 161 183 188 164 145 176 153 180 146 144 145 145 145 145 145 145 145 146 146 146 146 147 147 147 147 148 148 148 149 149 150 150 150 150 151 152 152 152 152 152 153 153 154 154 154 154 155 155 155 155 156 156 156 156 157 157 157 157 157 157 158 158 158 158 158 159 159 159 159 160 160 160 161 161 161 161 162 162 162 162 162 163 163 163 164 165 165 165 166 167 167 167 167 168 168 169 169 169 169 170 170 170 171 171 171 171 172 172 172 172 173 173 174 174 174 174 174 174 174 174 175 175 175 175 175 176 176 176 176 177 177 177 178 178 179 179 179 179 180 180 180 180 181 182 182 183 183 183 183 183 183 183 184 185 185 185 185 185 185 186 186 186 187 187 187 187 187 188 188 188 188 188 188 188 189 189 190 190 190 191 236 236 212 229 213 233 192 207 212 232 231 200 206 192 200 201 212 217 228 231 218 211 235 204 205 211 235 194 227 211 222 220 198 199 207 206 234 215 213 216 237 210 210 195 229 237 234 235 203 233 216 194 200 212 216 230 236 215 205 219 208 219 198 213 201 227 206 203 230 225 234 221 197 209 202 231 222 224 208 230 194 230 233 215 223 208 226 196 223 233 208 206 193 220 231 202 234 218 212 200 235 197 222 221 226 214 207 202 201 206 224 217 233 221 214 194 204 209 233 205 220 228 223 218 226 222 234 217 239 192 215 193 207 205 199 218 224 212 216 206 218 239 217 203 236 232 229 231 236 192 207 239 220 210 222 216 215 239 232 225 221 213 208 225 206 222 214 196 220 210 213 192 192 192 192 193 193 194 194 194 194 195 196 196 197 197 198 198 199 199 200 200 200 200 201 201 201 202 202 202 203 203 203 204 204 205 205 205 205 206 206 206 206 206 206 206 207 207 207 207 207 208 208 208 208 208 209 209 210 210 210 210 211 211 211 212 212 212 212 212 212 213 213 213 213 213 214 214 214 215 215 215 215 215 216 216 216 216 216 217 217 217 217 218 218 218 218 218 219 219 220 220 220 220 220 221 221 221 221 222 222 222 222 222 222 223 223 223 224 224 224 225 225 225 226 226 226 227 227 228 228 229 229 229 230 230 230 230 231 231 231 231 231 232 232 232 233 233 233 233 233 233 234 234 234 234 234 235 235 235 235 236 236 236 236 236 237 237 239 239 239 239 275 243 242 244 241 277 286 259 281 267 277 278 250 263 256 280 280 248 269 267 257 244 279 269 257 257 243 267 254 269 240 248 240 265 286 278 250 285 256 240 272 241 287 271 258 276 266 261 261 256 243 258 245 263 251 255 250 285 269 267 267 245 279 253 240 254 261 263 251 284 246 261 240 276 255 279 275 259 271 272 264 250 250 252 273 260 282 279 276 246 257 263 248 271 266 284 246 247 257 263 272 255 283 251 242 251 256 259 257 260 247 256 244 243 247 262 286 265 264 253 244 280 264 255 276 249 246 272 246 268 281 258 263 252 272 279 241 279 246 270 265 273 251 244 242 240 248 248 261 279 282 278 284 262 287 284 286 240 240 240 240 240 240 241 241 241 242 242 242 243 243 243 243 244 244 244 244 244 245 245 246 246 246 246 246 246 247 247 247 248 248 248 248 248 249 250 250 250 250 250 251 251 251 251 251 252 252 253 253 254 254 255 255 255 255 256 256 256 256 256 257 257 257 257 257 257 258 258 258 259 259 259 260 260 261 261 261 261 261 262 262 263 263 263 263 263 263 264 264 264 265 265 265 266 266 267 267 267 267 267 268 269 269 269 269 270 271 271 271 272 272 272 272 272 273 273 275 275 276 276 276 276 277 277 278 278 278 279 279 279 279 279 279 279 280 280 280 281 281 282 282 283 284 284 284 284 285 285 286 286 286 286 287 287 332 294 324 298 310 332 325 327 299 321 290 324 296 333 298 334 294 290 321 312 331 319 305 294 289 290 323 329 289 289 331 321 327 297 307 305 309 291 292 315 298 302 327 310 301 335 326 331 303 309 310 329 295 318 331 324 310 317 310 326 330 317 296 317 328 327 292 325 288 298 299 314 300 325 292 300 293 310 304 316 318 296 318 310 304 315 311 325 334 319 310 304 293 295 322 316 326 316 332 304 318 301 329 306 333 312 322 311 331 332 312 293 303 331 323 317 304 304 314 303 304 319 300 320 306 315 312 318 303 301 326 291 330 315 310 303 315 296 326 319 292 335 325 320 330 291 303 314 307 299 329 325 324 315 314 293 313 314 329 315 312 306 327 288 289 289 289 290 290 290 291 291 291 292 292 292 292 293 293 293 293 294 294 294 295 295 296 296 296 296 297 298 298 298 298 299 299 299 300 300 300 301 301 301 302 303 303 303 303 303 303 304 304 304 304 304 304 304 305 305 306 306 306 307 307 309 309 310 310 310 310 310 310 310 310 310 311 311 312 312 312 312 312 313 314 314 314 314 314 315 315 315 315 315 315 315 316 316 316 317 317 317 317 318 318 318 318 318 319 319 319 319 320 320 321 321 321 322 322 323 323 324 324 324 324 325 325 325 325 325 325 326 326 326 326 326 327 327 327 327 327 328 329 329 329 329 329 330 330 330 331 331 331 331 331 331 332 332 332 332 333 333 334 334 335 335 342 366 353 354 357 362 373 343 351 344 362 376 371 338 350 362 373 367 354 337 370 366 348 374 373 336 357 344 339 374 340 360 367 383 368 372 341 364 379 347 354 364 369 366 371 375 355 378 382 347 356 357 366 341 355 357 340 358 351 357 338 350 350 374 365 377 337 366 378 380 361 380 338 340 360 370 360 338 381 375 346 361 339 361 343 347 361 337 352 346 383 345 353 348 358 378 356 373 380 360 361 360 356 374 369 353 362 349 363 339 346 370 367 364 354 375 360 339 373 345 374 382 365 344 372 373 361 364 341 357 365 345 339 343 339 361 342 368 383 346 341 368 342 371 370 346 370 346 337 349 352 358 356 352 367 377 363 369 350 341 336 381 362 365 340 340 351 349 373 374 343 336 336 337 337 337 337 338 338 338 338 339 339 339 339 339 339 340 340 340 340 340 341 341 341 341 341 342 342 342 343 343 343 343 344 344 344 345 345 345 346 346 346 346 346 346 347 347 347 348 348 349 349 349 350 350 350 350 351 351 351 352 352 352 353 353 353 354 354 354 354 355 355 356 356 356 356 357 357 357 357 357 357 358 358 358 360 360 360 360 360 360 361 361 361 361 361 361 361 362 362 362 362 362 363 363 364 364 364 364 365 365 365 365 366 366 366 366 366 367 367 367 367 368 368 368 369 369 369 370 370 370 370 370 371 371 371 372 372 373 373 373 373 373 373 373 374 374 374 374 374 374 375 375 375 376 377 377 378 378 378 379 380 380 380 381 381 382 382 383 383 383 387 397 425 421 428 425 414 423 407 415 392 406 419 409 401 417 384 411 386 406 395 423 385 426 414 401 418 406 409 389 430 420 407 406 404 410 431 401 388 426 390 394 416 398 411 413 399 394 391 394 413 409 392 423 396 413 431 413 418 395 424 404 430 393 397 412 393 430 405 422 399 384 399 418 417 406 430 387 424 405 410 409 385 398 388 398 412 394 386 388 426 387 397 399 429 407 405 389 423 419 421 404 416 427 395 402 389 390 388 421 427 422 431 431 384 419 398 386 413 411 400 418 412 408 390 394 384 391 389 390 427 418 400 431 399 419 425 386 401 427 415 424 397 403 406 424 410 421 427 400 390 418 404 429 392 417 396 418 410 424 388 416 426 384 417 424 401 420 417 409 414 427 396 421 392 419 388 385 423 384 384 384 384 384 385 385 385 386 386 386 386 387 387 387 388 388 388 388 388 388 389 389 389 389 390 390 390 390 390 391 391 392 392 392 392 393 393 394 394 394 394 394 395 395 395 396 396 396 397 397 397 397 398 398 398 398 399 399 399 399 399 400 400 400 401 401 401 401 401 402 403 404 404 404 404 405 405 405 406 406 406 406 406 406 407 407 407 408 409 409 409 409 409 410 410 410 410 411 411 411 412 412 412 413 413 413 413 413 414 414 414 415 415 416 416 416 417 417 417 417 417 418 418 418 418 418 418 418 419 419 419 419 419 420 420 421 421 421 421 421 422 422 423 423 423 423 423 424 424 424 424 424 424 425 425 425 426 426 426 426 427 427 427 427 427 427 428 429 429 430 430 430 430 431 431 431 431 431 443 445 450 452 457 462 449 454 446 440 479 479 442 472 449 446 445 479 459 453 476 465 460 475 444 450 464 433 474 436 452 443 473 455 451 476 433 445 448 435 439 468 456 473 465 454 472 456 439 468 442 448 451 477 473 443 444 432 453 456 439 470 433 444 435 449 444 447 473 445 436 449 449 443 433 465 451 473 450 445 448 446 435 458 447 472 464 433 448 454 444 443 475 465 465 471 468 451 435 471 440 461 476 436 465 442 459 433 460 470 438 466 451 449 460 477 471 477 468 474 479 460 464 439 454 468 467 448 464 478 465 478 473 456 452 475 453 441 443 478 432 451 445 458 465 448 455 435 463 465 475 457 434 468 458 442 466 452 467 435 475 434 434 447 434 459 445 456 460 432 446 436 462 439 476 432 432 432 433 433 433 433 433 433 434 434 434 434 435 435 435 435 435 435 436 436 436 436 438 439 439 439 439 439 440 440 441 442 442 442 442 443 443 443 443 443 443 444 444 444 444 444 445 445 445 445 445 445 445 446 446 446 446 447 447 447 448 448 448 448 448 448 449 449 449 449 449 449 450 450 450 451 451 451 451 451 451 452 452 452 452 453 453 453 454 454 454 454 455 455 456 456 456 456 456 457 457 458 458 458 459 459 459 460 460 460 460 460 461 462 462 463 464 464 464 464 465 465 465 465 465 465 465 465 465 466 466 467 467 468 468 468 468 468 468 470 470 471 471 471 472 472 472 473 473 473 473 473 473 474 474 475 475 475 475 475 476 476 476 476 477 477 477 478 478 478 479 479 479 479 514 523 488 516 491 494 516 494 516 506 514 506 504 496 495 503 494 522 491 524 481 498 498 486 495 502 508 498 481 498 500 524 487 517 493 489 483 502 506 516 522 480 498 500 513 481 521 519 520 498 484 482 509 524 497 525 507 515 484 494 509 518 506 526 515 523 503 519 526 514 501 490 522 522 506 492 495 514 521 511 483 497 513 519 495 486 497 511 525 512 500 525 501 518 508 525 526 508 490 497 492 523 487 492 488 513 515 503 480 523 509 521 488 482 493 515 506 514 527 510 517 510 509 512 497 480 481 502 495 510 526 513 493 514 507 507 524 480 499 519 490 496 526 480 482 490 511 483 526 522 525 487 508 506 523 524 501 481 522 491 515 482 516 499 525 495 495 512 514 518 518 510 495 483 513 489 521 501 516 487 480 480 480 480 480 481 481 481 481 481 482 482 482 482 483 483 483 483 484 484 486 486 487 487 487 487 488 488 488 489 489 490 490 490 490 491 491 491 492 492 492 493 493 493 494 494 494 494 495 495 495 495 495 495 495 495 496 496 497 497 497 497 497 498 498 498 498 498 498 499 499 500 500 500 501 501 501 501 502 502 502 503 503 503 504 506 506 506 506 506 506 506 507 507 507 508 508 508 508 509 509 509 509 510 510 510 510 511 511 511 512 512 512 513 513 513 513 513 514 514 514 514 514 514 514 515 515 515 515 515 516 516 516 516 516 516 517 517 518 518 518 518 519 519 519 519 520 521 521 521 521 522 522 522 522 522 522 523 523 523 523 523 524 524 524 524 524 525 525 525 525 525 525 526 526 526 526 526 526 527 574 555 550 533 531 556 566 554 536 541 575 550 545 551 567 561 569 570 536 572 546 562 573 565 538 560 555 547 529 554 534 531 549 528 537 551 542 540 573 543 529 567 559 555 567 549 531 560 536 564 529 574 534 570 544 551 544 558 544 530 553 534 547 574 554 568 552 564 562 534 538 545 536 566 563 536 568 558 573 559 536 538 545 528 541 563 556 565 547 544 544 550 574 574 554 571 534 557 575 564 536 567 573 562 539 570 546 537 537 556 542 569 559 544 534 561 553 557 560 539 529 540 532 569 560 551 562 546 559 561 544 566 552 536 541 540 554 544 560 548 550 553 542 544 571 572 571 535 559 560 570 547 538 531 530 544 528 528 528 528 529 529 529 529 530 530 531 531 531 531 532 533 534 534 534 534 534 534 535 536 536 536 536 536 536 536 536 537 537 537 538 538 538 538 539 539 540 540 540 541 541 541 542 542 542 543 544 544 544 544 544 544 544 544 544 544 545 545 545 546 546 546 547 547 547 547 548 549 549 550 550 550 550 551 551 551 551 552 552 553 553 553 554 554 554 554 554 555 555 555 556 556 556 557 557 558 558 559 559 559 559 559 560 560 560 560 560 560 561 561 561 562 562 562 562 563 563 564 564 564 565 565 566 566 566 567 567 567 567 568 568 569 569 569 570 570 570 570 571 571 571 572 572 573 573 573 573 574 574 574 574 574 575 575 611 615 608 618 577 582 620 611 623 584 618 618 582 591 608 581 598 577 607 619 580 581 582 608 603 609 611 582 605 618 599 606 597 619 576 581 617 622 608 590 589 612 587 585 583 611 605 595 586 587 601 595 619 612 608 599 591 610 601 576 620 623 599 589 587 595 591 589 583 576 623 596 586 599 592 584 623 613 596 619 620 596 578 577 603 615 620 586 597 600 590 577 596 596 614 608 584 602 615 597 619 606 590 600 608 588 608 603 604 588 586 618 623 613 590 619 615 604 606 605 611 599 596 608 618 600 598 584 614 602 614 585 618 603 617 585 579 609 591 585 603 598 602 605 615 609 587 616 619 609 614 588 591 592 597 618 585 617 587 595 579 587 576 623 581 594 587 610 622 612 576 576 576 576 577 577 577 577 578 579 579 580 581 581 581 581 582 582 582 582 583 583 584 584 584 584 585 585 585 585 585 586 586 586 586 587 587 587 587 587 587 587 588 588 588 589 589 589 590 590 590 590 591 591 591 591 591 592 592 594 595 595 595 595 596 596 596 596 596 596 597 597 597 597 598 598 598 599 599 599 599 599 600 600 600 601 601 602 602 602 603 603 603 603 603 604 604 605 605 605 605 606 606 606 607 608 608 608 608 608 608 608 608 608 609 609 609 609 610 610 611 611 611 611 611 612 612 612 613 613 614 614 614 614 615 615 615 615 615 616 617 617 617 618 618 618 618 618 618 618 618 619 619 619 619 619 619 619 620 620 620 620 622 622 623 623 623 623 623 623 662 633 632 657 647 629 647 663 665 631 648 626 640 653 644 626 656 667 667 625 625 627 666 639 636 626 632 663 661 629 670 653 634 646 649 643 663 655 658 628 667 660 636 641 643 642 653 628 626 632 640 657 656 650 664 664 626 648 649 642 639 665 654 648 635 671 632 660 627 624 661 637 657 664 638 636 644 650 662 656 663 661 662 644 628 641 640 669 632 637 659 636 634 650 644 660 666 660 660 670 667 638 646 667 631 647 657 648 639 636 642 631 635 653 658 645 626 670 653 630 631 671 666 639 667 643 645 659 640 625 644 626 669 636 632 626 639 636 656 646 642 640 663 660 636 665 636 649 637 669 628 643 649 649 654 662 664 660 663 667 670 666 629 625 634 670 650 624 625 625 625 625 626 626 626 626 626 626 626 626 627 627 628 628 628 628 629 629 629 630 631 631 631 631 632 632 632 632 632 632 633 634 634 634 635 635 636 636 636 636 636 636 636 636 636 637 637 637 638 638 639 639 639 639 639 640 640 640 640 640 641 641 642 642 642 642 643 643 643 643 644 644 644 644 644 645 645 646 646 646 647 647 647 648 648 648 648 649 649 649 649 649 650 650 650 650 653 653 653 653 653 654 654 655 656 656 656 656 657 657 657 657 658 658 659 659 660 660 660 660 660 660 660 661 661 661 662 662 662 662 663 663 663 663 663 663 664 664 664 664 665 665 665 666 666 666 666 667 667 667 667 667 667 667 669 669 669 670 670 670 670 670 671 671 712 674 693 716 680 677 700 707 681 674 698 693 675 697 700 693 697 685 673 694 713 693 673 699 716 689 686 711 681 692 677 672 695 714 702 708 711 685 715 684 696 702 682 718 676 691 714 683 714 685 677 700 708 676 698 677 709 676 718 711 691 673 706 698 680 707 678 704 689 713 694 696 700 687 708 675 672 677 719 703 687 686 680 687 697 693 684 691 716 673 717 719 702 683 704 704 693 685 695 719 697 716 693 684 712 689 710 700 719 690 683 691 691 713 691 684 703 693 698 712 715 695 693 679 680 699 704 699 694 677 718 714 674 695 678 678 692 700 695 707 686 676 699 694 678 713 705 674 677 707 699 694 682 718 695 684 672 678 699 695 673 703 719 688 698 694 703 717 707 673 676 703 672 672 672 673 673 673 673 673 673 674 674 674 674 675 675 676 676 676 676 676 677 677 677 677 677 677 677 678 678 678 678 678 679 680 680 680 680 681 681 682 682 683 683 683 684 684 684 684 684 685 685 685 685 686 686 686 687 687 687 688 689 689 689 690 691 691 691 691 691 691 692 692 693 693 693 693 693 693 693 693 693 694 694 694 694 694 694 695 695 695 695 695 695 695 696 696 697 697 697 697 698 698 698 698 698 699 699 699 699 699 699 700 700 700 700 700 700 702 702 702 703 703 703 703 703 704 704 704 704 705 706 707 707 707 707 707 708 708 708 709 710 711 711 711 712 712 712 713 713 713 713 714 714 714 714 715 715 716 716 716 716 717 717 718 718 718 718 719 719 719 719 719 720 761 730 720 720 722 765 733 759 733 734 725 755 739 766 761 740 729 732 730 754 763 730 722 758 723 766 760 721 743 765 767 721 749 733 739 723 752 754 720 752 749 737 750 764 724 739 745 730 742 763 741 735 753 728 729 753 729 757 761 733 752 736 731 743 749 723 743 748 757 742 758 731 729 749 733 758 722 747 738 744 759 756 757 764 738 735 722 743 727 731 734 740 754 739 723 759 739 767 748 753 722 743 720 754 721 737 736 752 736 723 732 734 765 733 731 744 749 733 747 732 745 725 756 738 761 755 722 733 740 731 754 744 729 734 765 757 747 759 748 720 746 758 753 744 748 755 739 751 729 758 720 748 731 730 738 727 767 725 728 761 757 728 729 720 735 731 766 720 767 747 729 743 743 757 759 745 757 754 728 720 720 720 720 720 720 720 720 720 721 721 721 722 722 722 722 722 722 723 723 723 723 723 724 725 725 725 727 727 728 728 728 728 729 729 729 729 729 729 729 729 730 730 730 730 730 731 731 731 731 731 731 731 732 732 732 733 733 733 733 733 733 733 733 734 734 734 734 735 735 735 736 736 736 737 737 738 738 738 738 739 739 739 739 739 739 740 740 740 741 742 742 743 743 743 743 743 743 743 744 744 744 744 745 745 745 746 747 747 747 747 748 748 748 748 748 749 749 749 749 749 750 751 752 752 752 752 753 753 753 753 754 754 754 754 754 754 755 755 755 756 756 757 757 757 757 757 757 757 758 758 758 758 758 759 759 759 759 759 760 761 761 761 761 761 763 763 764 764 765 765 765 765 766 766 766 767 767 767 767 813 797 807 789 791 773 804 789 787 775 805 793 809 773 798 787 797 797 797 771 785 814 811 793 803 807 792 808 798 808 812 798 791 806 781 772 782 782 809 789 775 789 779 808 774 770 810 793 780 774 812 780 802 783 805 795 794 786 773 812 813 774 782 810 778 800 769 795 780 812 794 782 801 771 815 812 805 787 807 779 807 792 775 781 781 775 814 770 812 814 786 770 793 803 792 781 809 791 790 781 772 815 795 790 770 785 787 790 793 814 779 795 794 811 770 788 789 778 808 774 786 809 774 782 811 795 782 807 794 815 799 812 782 775 784 782 784 796 776 815 786 784 772 808 772 795 794 770 813 811 793 791 793 782 787 811 808 787 808 802 810 799 773 790 783 774 780 773 794 797 812 796 783 800 769 770 770 770 770 770 770 771 771 772 772 772 772 773 773 773 773 773 774 774 774 774 774 774 775 775 775 775 775 776 778 778 779 779 779 780 780 780 780 781 781 781 781 781 782 782 782 782 782 782 782 782 782 783 783 783 784 784 784 785 785 786 786 786 786 787 787 787 787 787 787 788 789 789 789 789 789 790 790 790 790 791 791 791 791 792 792 792 793 793 793 793 793 793 793 794 794 794 794 794 794 795 795 795 795 795 795 796 796 797 797 797 797 797 798 798 798 799 799 800 800 801 802 802 803 803 804 805 805 805 806 807 807 807 807 807 808 808 808 808 808 808 808 809 809 809 809 810 810 810 811 811 811 811 811 812 812 812 812 812 812 812 812 813 813 813 814 814 814 814 815 815 815 815 822 835 827 852 835 819 817 860 848 861 832 828 852 830 823 854 846 839 839 854 850 825 816 853 826 839 837 845 825 837 819 856 832 817 858 825 817 844 819 843 849 844 859 860 848 852 854 839 842 847 840 821 823 830 860 833 837 836 825 853 835 824 834 850 854 836 855 824 852 835 842 826 842 826 846 855 838 830 830 819 844 842 832 816 857 860 827 859 851 819 857 859 846 823 825 829 826 834 829 824 824 827 856 820 856 834 834 863 828 852 859 858 851 851 855 856 850 839 837 820 821 849 821 834 856 856 830 843 835 831 850 863 841 820 859 827 855 826 818 849 835 825 854 860 855 825 837 824 820 851 832 826 833 834 816 816 817 817 817 818 819 819 819 819 819 820 820 820 820 821 821 821 822 823 823 823 824 824 824 824 824 825 825 825 825 825 825 825 826 826 826 826 826 826 827 827 827 827 828 828 829 829 830 830 830 830 830 831 832 832 832 832 833 833 834 834 834 834 834 834 835 835 835 835 835 835 836 836 837 837 837 837 837 838 839 839 839 839 839 840 841 842 842 842 842 843 843 844 844 844 845 846 846 846 847 848 848 849 849 849 850 850 850 850 851 851 851 851 852 852 852 852 852 853 853 854 854 854 854 854 855 855 855 855 855 856 856 856 856 856 856 857 857 858 858 859 859 859 859 859 860 860 860 860 860 861 863 863 894 888 881 867 885 888 901 905 891 909 869 866 864 890 905 876 895 865 879 890 882 874 874 902 908 886 893 901 904 894 910 891 879 908 903 907 910 902 873 887 911 887 893 877 906 898 889 909 871 873 867 898 907 879 871 883 896 870 911 892 880 866 875 879 864 907 886 865 889 869 877 878 872 890 875 911 876 905 907 871 891 890 866 910 893 889 875 910 873 871 905 903 910 880 897 892 867 872 898 871 877 868 878 893 873 877 904 891 911 889 866 888 877 887 899 886 901 899 893 900 883 871 888 882 888 882 868 905 903 877 892 899 873 866 880 907 906 900 898 883 896 885 872 885 877 893 895 901 888 886 896 874 903 911 895 903 871 902 904 902 890 910 909 892 869 907 882 869 880 896 888 906 889 909 888 864 905 866 880 864 864 864 865 865 866 866 866 866 866 866 867 867 867 868 868 869 869 869 869 870 871 871 871 871 871 871 871 872 872 872 873 873 873 873 873 874 874 874 875 875 875 876 876 877 877 877 877 877 877 877 878 878 879 879 879 879 880 880 880 880 880 881 882 882 882 882 883 883 883 885 885 885 886 886 886 886 887 887 887 888 888 888 888 888 888 888 888 889 889 889 889 889 890 890 890 890 890 891 891 891 891 892 892 892 892 893 893 893 893 893 893 894 894 895 895 895 896 896 896 896 897 898 898 898 898 899 899 899 900 900 901 901 901 901 902 902 902 902 903 903 903 903 903 904 904 904 905 905 905 905 905 905 906 906 906 907 907 907 907 907 907 908 908 909 909 909 909 910 910 910 910 910 910 911 911 911 911 911 913 935 941 947 953 944 945 930 922 930 927 946 927 920 918 940 942 940 918 934 925 953 916 921 951 958 916 944 938 923 922 940 912 930 932 955 934 949 958 922 947 939 947 955 927 924 931 934 936 951 923 913 930 945 932 926 919 914 936 940 915 918 940 940 935 927 914 951 954 934 941 933 921 940 952 927 934 938 952 912 930 956 958 919 955 956 937 915 935 955 946 921 925 948 959 924 929 955 916 936 913 915 945 957 958 930 932 946 948 920 920 930 924 924 914 946 930 921 950 935 913 949 947 923 933 917 914 931 942 917 958 939 923 930 949 943 959 959 915 929 953 952 937 914 922 920 918 943 939 917 958 952 945 912 918 941 915 953 912 912 912 913 913 913 913 914 914 914 914 914 915 915 915 915 915 916 916 916 917 917 917 918 918 918 918 918 919 919 920 920 920 920 921 921 921 921 922 922 922 922 923 923 923 923 924 924 924 924 925 925 926 927 927 927 927 927 929 929 930 930 930 930 930 930 930 930 930 931 931 932 932 932 933 933 934 934 934 934 934 935 935 935 935 936 936 936 937 937 938 938 939 939 939 940 940 940 940 940 940 940 941 941 941 942 942 943 943 944 944 945 945 945 945 946 946 946 946 947 947 947 947 948 948 949 949 949 950 951 951 951 952 952 952 952 953 953 953 953 954 955 955 955 955 955 956 956 957 958 958 958 958 958 958 959 959 959 981 963 998 985 978 980 993 993 990 989 978 964 981 962 986 968 967 972 988 966 993 964 978 962 975 968 979 979 985 991 980 961 961 971 984 962 994 967 989 995 977 993 974 968 974 994 973 983 961 993 965 990 971 971 975 973 996 970 960 967 999 964 962 998 969 992 968 969 980 973 981 969 963 971 986 996 972 963 981 971 986 987 994 968 963 996 983 988 981 993 968 978 972 987 990 997 975 966 980 985 961 974 969 995 976 978 977 971 975 982 985 979 984 969 963 993 985 974 985 975 968 991 995 981 980 978 973 995 960 961 961 961 961 962 962 962 962 963 963 963 963 963 964 964 964 965 966 966 967 967 967 968 968 968 968 968 968 968 969 969 969 969 969 970 971 971 971 971 971 971 972 972 972 973 973 973 973 974 974 974 974 975 975 975 975 975 976 977 977 978 978 978 978 978 978 979 979 979 980 980 980 980 980 981 981 981 981 981 981 982 983 983 984 984 985 985 985 985 985 985 986 986 986 987 987 988 988 989 989 990 990 990 991 991 992 993 993 993 993 993 993 993 994 994 994 995 995 995 995 996 996 996 997 998 998 999 